2.220963467330042129e-01 2.156286104661327974e-01 2.002883765239189817e-01 1.948733422887913291e-01 1.671133239881527344e-01
2.426398571987157249e-01 2.342430136917889871e-01 2.232569591362523198e-01 2.169469300605807727e-01 8.291323991266218163e-02
2.746186027030812493e-01 2.553303567148202391e-01 2.384868235705690509e-01 2.275743575231607974e-01 3.989859488368638178e-03
2.799031991663442631e-01 2.643495780120536653e-01 2.477862874701740881e-01 2.074740635002693678e-01 4.868718511585661489e-04
2.758495495711438261e-01 2.696097516340766886e-01 2.621450484108173162e-01 1.922067267356364628e-01 1.889236483257548645e-04
2.881798402510958312e-01 2.846868666584916885e-01 2.761014758621088694e-01 1.508354676849977816e-01 1.963495433059319955e-04
3.112730474870362696e-01 2.966153377633954369e-01 2.774630763865733041e-01 1.145627840348979604e-01 8.575432809698522822e-05
3.305540956522902141e-01 3.148294867259462393e-01 2.780901011845741677e-01 7.640575922984149670e-02 1.205572073479273390e-04
3.453453043147273749e-01 3.295757692254389082e-01 2.877486078428905802e-01 3.701681117408774091e-02 3.135074428553527907e-04
3.975130458146372003e-01 3.407346089740748152e-01 2.461612401934472893e-01 1.541179266981532701e-02 1.793123480254157443e-04
4.599251386043036183e-01 3.750609609031301805e-01 1.562609949811298304e-01 7.818010717057203782e-03 9.348947943791807323e-04
