2.118226875351545413e-01 2.066817551386271046e-01 2.000633544826965204e-01 1.933728718493011312e-01 1.880593309942206748e-01
2.194317181681990081e-01 2.156017125926779354e-01 1.958195242892953603e-01 1.941661663686451433e-01 1.749808785811826639e-01
2.425268982575504439e-01 2.402493656448564663e-01 2.106235170290176040e-01 2.048646423573195763e-01 1.017355767112558540e-01
2.785966077683331155e-01 2.556654472635215836e-01 2.165249703174895735e-01 2.039677782053917754e-01 4.524519644526396600e-02
3.016064247516756502e-01 2.623425749016121689e-01 2.176306796014110256e-01 1.889016653060422990e-01 2.951865543925886320e-02
3.715134728269746667e-01 2.791157749153715950e-01 1.950313971958335113e-01 1.423170020398300817e-01 1.202235302199013492e-02
4.181566859261319213e-01 3.171986343698887656e-01 1.355154730570253818e-01 1.244178391276733464e-01 4.711367519280491162e-03
5.152009467127379727e-01 3.170304474105671844e-01 9.898480944331804199e-02 6.578714199673210694e-02 2.996654436644686191e-03
6.382674904809678695e-01 2.991297704305628802e-01 3.725159532292159764e-02 2.384621608451519340e-02 1.504927681032400049e-03
8.375833737431207515e-01 1.458492028924634754e-01 1.165304435564868193e-02 4.523059384534565061e-03 3.913196242324215026e-04
8.648827891729239381e-01 1.244607422251583356e-01 7.129806836674308645e-03 2.288305539007615044e-03 1.238356226235848333e-03
