2.562486620823001826e-01 2.509849768094517541e-01 2.432333257195858633e-01 2.382410033573693908e-01 6.070834576639307263e-03 5.221197454653585084e-03
2.693346933008708977e-01 2.583396609677919842e-01 2.451649274305615633e-01 2.267333698313112045e-01 3.462920929730160563e-04 8.105637649138299600e-05
2.648025441146470427e-01 2.528599461493325484e-01 2.432103487071708980e-01 2.390529700519633260e-01 3.992793346802155449e-05 3.426304341825903979e-05
2.662513623648278260e-01 2.527554540681839490e-01 2.495081308347700533e-01 2.314707461306247660e-01 1.146304281446488627e-05 2.843558778936130167e-06
2.693074484278618619e-01 2.537613977254178921e-01 2.441706657517245527e-01 2.327445595690256219e-01 1.455181339025737841e-05 1.376712579696953832e-06
2.665817646522478657e-01 2.542923426496340733e-01 2.440633593076328156e-01 2.350559236910187977e-01 5.495312642541949937e-06 1.114386824013224019e-06
2.709352744237508714e-01 2.590776973346299306e-01 2.419628730505639647e-01 2.280110663463034149e-01 1.249858241359257802e-05 5.902623380819785521e-07
2.883697726697824759e-01 2.658997058655272472e-01 2.532519044071021574e-01 1.924707042522950939e-01 5.506165546285063076e-06 2.406639746746740793e-06
3.169726500926375312e-01 2.585124057923616769e-01 2.547164624582791692e-01 1.697586893550322162e-01 2.967056538881610307e-05 1.012173630083157118e-05
3.706025372407629748e-01 2.959456417349798918e-01 2.154124128058455823e-01 1.178439632926914504e-01 1.201112470724045167e-04 7.533367864741020558e-05
4.063872464789043959e-01 3.293702965579566877e-01 1.447673077658415408e-01 1.183710941025740843e-01 5.873881035140203748e-04 5.166669912094834591e-04
