2.676225834249872371e-01 2.555702789055789292e-01 2.441207526504269310e-01 2.326863850190068195e-01
2.618055681743217122e-01 2.577478198718710090e-01 2.560836212881544283e-01 2.243629906656527950e-01
2.699948437086757691e-01 2.645676326615900020e-01 2.505126994068613833e-01 2.149248242228727346e-01
3.052821074261919954e-01 2.868062218079291403e-01 2.655955971638845892e-01 1.423160736019943307e-01
3.356980204030280968e-01 3.177103145025771957e-01 2.699068877896116936e-01 7.668477730478305554e-02
3.779104832285538618e-01 3.491351815659734514e-01 2.466742332527837867e-01 2.628010195268889668e-02
3.865201495864001857e-01 3.426687763555958388e-01 2.577734645525855961e-01 1.303760950541838978e-02
3.959951900011667858e-01 3.683428082822614025e-01 2.238215384525980289e-01 1.184046326397383483e-02
4.148422309178760869e-01 3.483068514651115333e-01 2.011519250508337353e-01 3.569899256617863059e-02
4.272115472399722891e-01 3.281598224183653323e-01 1.576514080617222591e-01 8.697722227994000854e-02
4.380883910961268501e-01 2.923960707907748424e-01 1.559400454998277341e-01 1.135754926132705456e-01
