2.622754746957298710e-01 2.567518929316897069e-01 2.427152593330752783e-01 2.231770979286839818e-01 1.508027511082110986e-02
2.771422636950281460e-01 2.638786668999295038e-01 2.601149835814287048e-01 1.985980255625790780e-01 2.660602610344494647e-04
3.246761319107432375e-01 2.975932931251972779e-01 2.827021025620806705e-01 9.502049428620056026e-02 7.978115778298595378e-06
3.460275935357619570e-01 3.070494506285618153e-01 2.995919845717889829e-01 4.724146629456359159e-02 8.950496932361459528e-05
3.473634503111460159e-01 3.283163441045452990e-01 2.924450438009121300e-01 3.186686045745535517e-02 8.301325941161566890e-06
3.852284678397475126e-01 3.064476696382557597e-01 2.823506942917706763e-01 2.596398173015399685e-02 9.186500071882642204e-06
3.727862929808391512e-01 3.194355528427597624e-01 2.861372709549961924e-01 2.162587258375148896e-02 1.501063765342360034e-05
3.623635034969850399e-01 3.134398640056360597e-01 2.901748544674153663e-01 3.399674107680210333e-02 2.503695316161858814e-05
3.989054241002670809e-01 3.178689184111759825e-01 2.359523052940408483e-01 4.724165133770084901e-02 3.170085681544323938e-05
3.913755054612991224e-01 2.645110531458583214e-01 2.304977287724385704e-01 1.135465398265412956e-01 6.917279386261854018e-05
3.472885839324855728e-01 2.768213074680312968e-01 2.449840164214832361e-01 1.304127557560796347e-01 4.933364219203026585e-04
