2.640001881414052454e-01 2.554373713173053728e-01 2.488565783128373898e-01 2.317058622284520475e-01
2.811556404704257384e-01 2.631010038108578808e-01 2.423168827869931763e-01 2.134264729317232601e-01
3.038132764820906107e-01 2.856272082563740544e-01 2.755673446765963264e-01 1.349921705849389253e-01
3.186659371360761051e-01 2.955789285311309356e-01 2.905648690252273236e-01 9.519026530756569127e-02
3.349366192620169547e-01 3.166502784459335751e-01 2.874802881022750500e-01 6.093281418977437858e-02
3.368312318309406028e-01 3.318042990601896003e-01 2.992432796421345964e-01 3.212118946673540171e-02
3.513413441088079625e-01 3.401451476852548894e-01 2.846147544879482072e-01 2.389875371798899639e-02
3.813978601541118119e-01 3.260115772837837711e-01 2.709580828737090386e-01 2.163247968839532298e-02
4.294131336807786581e-01 3.226639462169388906e-01 2.338143061267698164e-01 1.410861397551266619e-02
3.968656447167683288e-01 3.512483728672943228e-01 2.244421114767553294e-01 2.744387093918200862e-02
3.153195010524974529e-01 2.895990873437583324e-01 2.561672614682690141e-01 1.389141501354751451e-01
